220 0.05729166666666663 0.8214962121212122
219 0.11882148692810457 0.8214962121212122
218 0.21114174836601307 0.8214962121212122
221 0.11897467320261434 0.7149621212121212
222 0.21114174836601307 0.7149621212121212
223 0.30305351307189543 0.7149621212121212
217 0.30305351307189543 0.8214962121212122
216 0.39537377450980393 0.8214962121212122
224 0.39537377450980393 0.7149621212121212
225 0.45833333333333337 0.6785037878787878
225A 0.5046466503267975 0.6398358585858586
228 0.5202205882352942 0.6843434343434344
227 0.5202205882352942 0.728772095959596
226 0.5113868464052287 0.7691761363636364
216A 0.44347426470588236 0.7698863636363636
216B 0.49172794117647056 0.7886679292929293
215 0.508578431372549 0.8736584595959596
214 0.526296977124183 0.8731849747474747
213 0.5431474673202614 0.8731060606060606
212 0.559640522875817 0.8772095959595959
211 0.577359068627451 0.876657196969697
210 0.5935457516339869 0.8762626262626263
209 0.6097834967320261 0.876104797979798
208 0.6256127450980392 0.8759469696969697
207 0.6417994281045751 0.8757891414141414
206 0.6576286764705883 0.8757102272727273
205 0.6733558006535948 0.8756313131313131
204 0.6892871732026145 0.8754734848484849
203 0.7051674836601307 0.8754734848484849
202 0.7212009803921569 0.8757891414141414
201C 0.735702614379085 0.8754734848484849
201B 0.7651654411764706 0.8461174242424243
201A 0.7428002450980392 0.8096590909090909
201 0.7668504901960784 0.7911931818181819
238 0.7375408496732025 0.7143308080808081
237 0.7212520424836601 0.7148832070707071
236 0.7049121732026145 0.7148832070707071
235 0.6884701797385622 0.7152777777777778
234 0.6721303104575164 0.7158301767676767
233 0.655484068627451 0.7161458333333333
232 0.6389399509803921 0.716540404040404
231 0.6095281862745099 0.7571022727272727
230 0.5776654411764706 0.7597853535353536
229 0.5521854575163399 0.6748737373737373
2019 0.8135723039215687 0.8539299242424243
1960 0.865093954248366 0.8274147727272727
